name:sample_1
spawnNum:9
life:0.5
liveTimeSrt:1
vel:0,0.5,1,
scaleAnim_initScale:0.1,0.1,0.02,
scaleAnim_finishScale:0.05,0.05,0.05,
spawnPos:0,0,10
spawnPosRange:0,0,1
velRange:0,2,1
speed:0
rot:0,-0.257515,0.928585
gravity:0
velFlgType:1
InitColor:0,0.0869565,1,1
EndColor:0,1,0.826087,0.492754
